20 20
10
10 10
14 13
5 7
13 9
13 3
12 17
8 11
7 12
8 19
18 11
15 18
9 10
4 3
15 1
19 1
18 9
17 7
4 7
15 11
11 18
3 13
3 3
11 9
14 11
18 4
15 13
15 14
6 19
2 15
17 7
17 16
3 13
16 10
2 15
3 5
10 3
12 1
14 15
9 17
16 15
5 19
10 1
4 14
7 2
7 7
4 17
7 17
10 17
17 19
9 11
8 18
4 13
13 6
19 8
14 7
7 15
16 9
3 17
9 11
6 19
19 3
18 12
19 13
14 5
5 17
3 5
12 3
16 7
16 15
11 9
9 9
7 1
5 15
11 11
17 12
3 10
9 13
10 14
15 13
3 7
19 10
1 1
14 7
11 7
14 3
19 17
3 10
14 6
11 2
1 19
7 16
8 3
10 19
18 6
14 11
8 6
1 12
1 15
6 14
13 12
18 4
8 12
15 8
6 1
11 19
1 17
6 5
6 4
12 3
18 5
14 15
10 8
10 17
4 18
16 9
16 7
7 19
10 14
3 9
15 13
8 1
2 10
13 10
5 6
10 8
14 2
19 12
11 7
14 18
14 3
16 2
14 1
8 8
16 1
17 3
6 15
3 13
12 1
14 18
10 1
2 16
10 10
5 16
14 13
12 7
5 6
9 11
2 2
8 13
12 15
12 19
6 12
13 11
5 8
13 3
5 9
6 6
11 19
4 16
2 15
9 10
16 8
3 16
18 14
2 10
6 6
13 15
16 2
7 10
6 1
2 15
7 18
10 19
13 4
13 8
19 11
1 6
7 19
5 10
16 9
17 16
12 15
1 3
2 6
7 15
6 15
8 14
16 10
3 2
1 7
16 16
2 1
16 1
17 12
12 14
14 1
4 17
7 8
6 7
12 7
16 10
16 13
2 18
15 15
15 2
8 19
6 4
5 2
5 17
4 10
4 8
1 3
3 11
5 12
1 15
16 6
10 6
15 8
12 14
13 1
7 13
8 9
2 14
7 4
10 7
6 17
2 17
19 18
12 8
14 15
10 3
12 11
16 9
2 7
9 15
13 10
13 11
7 7
6 15
3 15
3 12
17 7
18 3
18 10
17 7
4 1
6 14
3 11
14 13
16 13
8 18
6 7
2 16
4 15
19 3
6 10
4 2
19 9
19 15
8 13
7 10
5 19
1 9
18 18
7 18
15 3
8 12
8 3
4 9
5 17
1 14
3 11
11 12
6 8
7 10
18 4
3 14
17 9
17 6
7 16
1 14
19 11
6 13
10 7
12 3
4 6
17 7
4 5
18 4
17 8
17 1
12 19
14 10
11 4
17 18
7 18
14 16
14 16
16 15
4 5
5 8
6 17
17 11
14 11
16 12
17 16
12 2
14 12
16 16
7 9
16 17
6 6
17 7
16 12
17 4
17 13
5 5
7 8
14 7
15 2
18 19
19 15
5 12
9 9
5 3
15 16
17 1
10 14
10 15
1 6
19 1
11 18
1 18
8 11
10 10
4 5
6 7
18 6
2 3
5 13
18 19
19 17
4 5
16 8
12 11
4 5
3 5
4 18
14 5
8 8
16 19
16 6
10 9
4 6
8 2
11 15
3 1
9 16
19 1
2 15
11 3
18 9
7 17
9 6
16 5
6 4
6 3
2 1
16 18
14 12
4 15
11 18
12 7
17 5
7 16
19 1
18 11
19 9
4 5
9 13
16 4
9 13
14 1
13 1
10 6
6 18
17 12
10 8
1 6
14 6
18 16
2 16
18 17
11 2
12 8
3 13
17 10
12 4
8 3
19 8
14 1
3 1
6 1
19 18
4 15
12 17
19 1
3 9
10 2
10 3
5 12
4 9
19 9
8 4
6 8
16 14
3 4
7 16
19 12
19 3
17 10
13 17
18 9
3 14
2 6
12 5
5 1
15 4
1 17
5 16
4 18
8 12
16 19
18 6
11 16
6 13
4 6
13 6
12 6
3 17
10 3
13 16
18 6
4 11
8 16
19 13
9 19
18 10
2 16
6 7
7 8
15 4
12 2
17 12
10 13
10 3
5 13
11 12
4 12
10 5
3 3
18 8
18 2
3 17
5 10
8 7
11 3
10 3
9 8
6 7
5 15
10 11
5 6
6 8
18 16
11 15
1 15
13 3
9 5
18 11
1 14
8 7
5 6
18 17
12 4
10 10
19 6
1 15
11 5
6 14
4 5
14 18
8 8
10 19
12 2
7 11
11 1
16 9
6 2
19 3
18 3
13 13
11 14
9 7
3 13
3 3
13 14
17 18
18 4
7 8
17 10
19 15
12 4
12 13
19 13
5 5
6 18
16 18
12 17
8 1
14 11
11 9
3 7
14 4
15 6
4 5
3 4
8 11
7 12
8 2
2 10
12 16
10 13
15 14
2 15
12 8
5 3
15 14
12 8
10 9
16 4
8 10
6 1
12 7
8 3
12 8
1 1
6 15
16 2
8 18
15 9
12 9
5 16
9 13
8 3
12 5
3 8
16 1
4 2
11 16
18 14
10 10
15 3
12 2
9 1
9 18
16 13
7 5
18 16
9 10
6 4
17 1
3 12
8 19
12 15
3 12
15 16
19 19
10 17
2 8
16 13
18 9
2 17
3 16
6 2
15 2
7 7
5 10
8 11
16 3
4 6
14 1
7 11
5 12
17 4
14 9
8 6
19 2
9 18
16 4
9 11
7 14
14 11
15 6
4 8
18 15
2 5
5 6
1 8
19 15
4 15
19 5
16 5
10 19
9 12
2 14
5 3
6 17
11 14
4 18
13 9
7 7
16 13
17 11
8 14
3 9
13 2
8 1
15 17
10 13
18 10
17 12
2 5
7 8
15 18
10 9
16 3
4 11
15 5
8 8
14 18
9 7
1 11
10 9
4 13
15 5
16 2
17 5
1 9
18 12
3 16
18 3
1 15
8 9
16 11
17 10
2 3
4 5
12 2
9 2
18 13
13 11
18 6
16 15
18 14
13 4
18 18
2 5
15 4
5 5
11 5
16 4
17 5
6 15
9 15
19 16
15 5
8 10
19 6
7 19
19 12
5 1
11 17
18 8
1 10
6 16
8 4
15 12
6 3
8 3
4 3
14 10
11 3
12 2
10 3
5 2
14 7
16 18
17 18
5 5
16 17
16 3
10 8
2 10
13 10
19 11
9 3
13 13
11 15
19 19
3 17
4 2
5 2
7 12
15 2
8 2
11 1
19 5
10 17
16 7
13 12
19 15
3 16
14 12
16 3
12 11
19 9
7 5
18 8
4 7
14 13
4 16
3 2
9 8
17 16
7 7
16 17
8 2
18 9
6 4
11 8
13 2
9 13
19 14
15 10
12 2
19 2
11 9
1 13
19 12
15 2
4 11
7 11
8 10
19 12
14 5
17 14
19 4
2 15
16 17
14 7
14 18
15 10
14 9
14 6
9 12
15 6
10 8
14 3
1 6
4 8
18 1
4 12
15 5
10 8
4 4
1 13
12 1
3 11
5 18
6 13
14 6
17 11
7 17
4 6
11 19
1 5
4 1
11 3
15 19
7 17
12 12
8 2
8 14
14 14
9 7
9 8
4 19
6 14
4 18
3 14
11 10
14 13
1 11
13 13
2 19
7 10
2 9
19 18
5 1
17 15
13 19
3 11
12 2
7 18
7 3
2 13
10 19
7 7
12 7
5 8
6 16
5 8
17 16
10 5
7 13
8 19
7 6
13 2
17 17
17 4
8 2
2 9
18 2
6 7
8 14
10 12
13 19
4 1
12 5
2 16
16 3
1 3
5 17
12 2
19 6
14 18
8 11
7 15
12 7
13 9
9 9
8 12
9 12
9 16
3 16
16 10
2 6
4 12
3 11
1 19
12 7
1 19
16 11
11 16
8 5
18 7
16 16
10 13
8 19
4 4
16 2
1 9
19 12
17 19
5 3
8 19
4 1
12 7
5 13
1 3
10 5
16 7
10 8
4 15
10 15
1 17
5 3
1 13
10 19
8 18
11 3
19 17
15 5
17 16
17 13
15 10
4 5
2 13
8 1
10 2
2 6
14 5
5 16
11 6
16 5
8 15
6 1
13 7
2 9
6 12
5 18
4 19
9 3
12 4
18 5
7 3
15 4
1 2
2 5
7 10
10 14
10 7
10 7
10 18
17 11
13 9
2 12
4 2
2 1
18 15
14 2
1 15
8 5
7 15
3 6
10 14
7 4
13 7
6 1
14 18
10 14
19 5
12 6
6 18
7 7
4 12
10 16
7 14
7 19
19 16
16 9
3 7
1 16
17 15
13 9
5 5
17 5
17 7
5 1
1 12
19 6
2 17
10 2
17 14
1 4
19 15
10 12
8 11
2 18
13 9
6 13
18 10
9 15
4 3
6 1
2 18
12 4
10 7
8 11
8 7
18 10
18 6
2 16
18 17
14 5
9 17
7 1
7 18
12 19
2 3
9 6
1 2
13 10
10 13
12 11
9 3
19 11
18 6
9 9